000110010 101000010
100100010 101011000
101001101 101010000
001000101 100110000
101001101 101010000
001000110 100111001
001000101 100110000
100111100 101010101
100011101 101010111
100100001 101000011
100111101 000110111
100111100 101010101
000011010 101011010
100101110 100110101
101001011 101001100
001000011 101001001
000101010 101010110
100110110 100110110
100111010 101001101
000100101 100110100
000110011 001001000
000111011 101001010
101000100 101001111
000111101 100110111
100110110 100110110
000011100 101000001
100011110 100110010
100011011 101010011
100111010 101001101
000100110 100110011
100011100 001000001
100111010 101001101
101000100 101001111
100101101 101010010
100100100 101000101
100111010 101001101
100100001 101000011
000010101 101010001
001000110 100111001
000110010 101000010
100111101 000110111
101000010 101001011
100100001 101000011
100011110 100110010
000101010 101010110
100101101 101010010
100011101 101010111
101011010 100001010
000111101 100110111
000100101 100110100
100111110 000111000
101001101 101010000
100101110 100110101
100100010 101011000
100110011 101001000
000110001 101001110
001000011 101001001
000110001 101001110
100100001 101000011
101001101 101010000
100110100 001000111
000110010 101000010
100011110 100110010
000110010 101000010
100100010 101011000
000100101 100110100
000011010 101011010
100101110 100110101
100111010 101001101
000111101 100110111
100101010 001010110
000101100 101010100
000011010 101011010
101000010 101001011
000110010 101000010
000011010 101011010
100101101 101010010
100111010 101001101
100111100 101010101
000111101 100110111
100101001 000100000
101001101 101010000
100101101 101010010
000100101 100110100
101001011 101001100
000111011 101001010
101001101 101010000
101000100 101001111
001000101 100110000
100101110 100110101
100011100 001000001
100110101 101011001
101001011 101001100
000100110 100110011
101011010 100001010
000100101 100110100
000010110 100110001
000111110 100111000
000101010 101010110
000101010 101010110
000100010 001011000
000101010 101010110
001000110 100111001
100101110 100110101
100100010 101011000
101001011 101001100
100011101 101010111
000101001 100100000
100110011 101001000
100110101 101011001
000101110 000110101
100011011 101010011
000101100 101010100
100011110 100110010
101001011 101001100
101000100 101001111
100101011 101000110
101000010 101001011
000101010 101010110
101000010 101001011
100101001 000100000
000111101 100110111
000011100 101000001
001000011 101001001
000110001 101001110
101001011 101001100
101001101 101010000
000110001 101001110
000100011 101000100
100100001 101000011
100111101 000110111
101001101 101010000
000111110 100111000
001000101 100110000
101001101 101010000
000100011 101000100
001000110 100111001
000100011 101000100
000010101 101010001
100110110 100110110
100100011 001000100
100100100 101000101
100011011 101010011
100011110 100110010
100011101 101010111
101011010 100001010
001000110 100111001
000101010 101010110
100100001 101000011
000100110 100110011
000100001 001000011
100101110 100110101
100101011 101000110
100101011 101000110
101011010 100001010
000101001 100100000
101000010 101001011
001000110 100111001
000100101 100110100
100100010 101011000
000101101 001010010
000010110 100110001
101000010 101001011
100100010 101011000
100100010 101011000
000110100 101000111
000011010 101011010
000111110 100111000
001000011 101001001
000011100 101000001
100110100 001000111
100110011 101001000
000010110 100110001
000110001 101001110
100110101 101011001
100100010 101011000
100110011 101001000
000111101 100110111
000100110 100110011
000111101 100110111
100010101 001010001
000110100 101000111
000010101 101010001
101011010 100001010
000100101 100110100
000111110 100111000
001000011 101001001
000110100 101000111
000101100 101010100
100101011 101000110
000101011 001000110
101001011 101001100
000010110 100110001
100110101 101011001
100100010 101011000
100110110 100110110
101000010 101001011
000111110 100111000
101000010 101001011
100111010 101001101
101000011 001001001
100011110 100110010
000010110 100110001
100111010 101001101
000110010 101000010
100101011 101000110
101000010 101001011
001000110 100111001
000010110 100110001
100101011 101000110
000110110 000110110
100100100 101000101
100111010 101001101
101001011 101001100
100111100 101010101
101001101 101010000
100110101 101011001
100110011 101001000
000011100 101000001
101011010 100001010
000110101 001011001
100100010 101011000
100100010 101011000
001000101 100110000
100100001 101000011
000111011 101001010
000110010 101000010
000101001 100100000
000100011 101000100
000110010 101000010
000111100 001010101
000010101 101010001
000010101 101010001
000010101 101010001
100110101 101011001
001000011 101001001
100101110 100110101
000100110 100110011
101000100 101001111
000010110 100110001
000101110 000110101
101011010 100001010
100100001 101000011
000101100 101010100
100101011 101000110
101001101 101010000
001000101 100110000
000010110 100110001
100110101 101011001
000011010 101011010
000110101 001011001
100011110 100110010
000101010 101010110
000110100 101000111
000100110 100110011
100110011 101001000
